function [M,Mp] = dmc_predmat(ny,nu,D)

% Ks=195;Ts=0.86;T0=0.01;
% G = tf(Ks,[Ts 1],"inputdelay",0);
% Gd = c2d(G,T0);
% opt = stepDataOptions('StepAmplitude',1);
% [y,~] = step(Gd,0:T0:T0*500,opt);
% S = y(2:end);
% S = S';

% ================== T0 = 0.01 ==================
S = [2.25431000689019	4.48255891835901	6.68504801537160	8.86207509591515	11.0139345152641	13.1409172257800	15.2433108162507	17.3213995507757	19.3754644072010	21.4057831151102	23.4126301933762	25.3962769872790	27.3569917051939	29.2950394548562	31.2106822792063	33.1041791918201	34.9757862119308	36.8257563990445	38.6543398871569	40.4617839185735	42.2483328773393	44.0142283222817	45.7597090196720	47.4850109755087	49.1903674674277	50.8760090762439	52.5421637171279	54.1890566704223	55.8169106121018	57.4259456438815	59.0163793229761	60.5884266915165	62.1423003056250	63.6782102641555	65.1963642371003	66.6969674936697	68.1802229300460	69.6463310968172	71.0954902260933	72.5278962583094	73.9437428687185	75.3432214935786	76.7265213560364	78.0938294917123	79.4453307739894	80.7812079390103	82.1016416103847	83.4068103236113	84.6968905502178	85.9720567216216	87.2324812527145	88.4783345651746	89.7097851105097	90.9269993928327	92.1301419913754	93.3193755827406	94.4948609628979	95.6567570689247	96.8052210004962	97.9404080411267	99.0624716791655	100.171563628550	101.267833849319	102.351430567888	103.422500297092	104.481187855996	105.527636389473	106.561987387562	107.584380704596	108.594954578115	109.593845647553	110.581188972715	111.557118052041	112.521764840652	113.475259768192	114.417731756468	115.349308236874	116.270115167630	117.180277050804	118.079916949151	118.969156502753	119.848115945462	120.716914121158	121.575668499821	122.424495193411	123.263508971568	124.092823277130	124.912550241472	125.722800699668	126.523684205473	127.315309046143	128.097782257069	128.871209636253	129.635695758615	130.391343990127	131.138256501792	131.876534283461	132.606277157484	133.327583792207	134.040551715316	134.745277327022	135.441855913094	136.130381657745	136.810947656365	137.483645928107	138.148567428333	138.805802060909	139.455438690362	140.097565153893	140.732268273258	141.359633866504	141.979746759570	142.592690797764	143.198548857091	143.797402855465	144.389333763781	144.974421616867	145.552745524301	146.124383681110	146.689413378344	147.247911013523	147.799952100970	148.345611282018	148.884962335107	149.418078185754	149.945030916416	150.465891776238	150.980731190683	151.489618771056	151.992623323918	152.489812860384	152.981254605326	153.467015006455	153.947159743311	154.421753736142	154.890861154678	155.354545426816	155.812869247185	156.265894585633	156.713682695600	157.156294122402	157.593788711415	158.026225616173	158.453663306357	158.876159575709	159.293771549842	159.706555693962	160.114567820509	160.517863096699	160.916496051981	161.310520585416	161.699989972961	162.084956874671	162.465473341823	162.841590823951	163.213360175804	163.580831664220	163.944054974925	164.303079219251	164.657952940772	165.008724121876	165.355440190242	165.698148025263	166.036893964376	166.371723809333	166.702682832393	167.029815782440	167.353166891036	167.672779878402	167.988697959328	168.300963849017	168.609619768861	168.914707452146	169.216268149702	169.514342635471	169.808971212030	170.100193716033	170.388049523600	170.672577555642	170.953816283119	171.231803732250	171.506577489646	171.778174707395	172.046632108090	172.311985989785	172.574272230911	172.833526295125	173.089783236101	173.343077702276	173.593443941528	173.840915805813	174.085526755739	174.327309865090	174.566297825298	174.802522949863	175.036017178725	175.266812082578	175.494938867143	175.720428377383	175.943311101677	176.163617175942	176.381376387706	176.596618180135	176.809371656018	177.019665581697	177.227528390961	177.432988188886	177.636072755640	177.836809550234	178.035225714239	178.231348075455	178.425203151535	178.616817153574	178.806215989653	178.993425268340	179.178470302153	179.361376110985	179.542167425482	179.720868690393	179.897504067869	180.072097440735	180.244672415716	180.415252326629	180.583860237542	180.750518945887	180.915250985545	181.078078629893	181.239023894815	181.398108541679	181.555354080280	181.710781771746	181.864412631416	182.016267431680	182.166366704785	182.314730745617	182.461379614438	182.606333139606	182.749610920250	182.891232328920	183.031216514213	183.169582403353	183.306348704757	183.441533910562	183.575156299125	183.707233937494	183.837784683854	183.966826189937	184.094375903413	184.220451070246	184.345068737026	184.468245753276	184.589998773730	184.710344260582	184.829298485714	184.946877532898	185.063097299965	185.177973500961	185.291521668267	185.403757154702	185.514695135598	185.624350610851	185.732738406948	185.839873178977	185.945769412603	186.050441426028	186.153903371928	186.256169239367	186.357252855686	186.457167888376	186.555927846922	186.653546084632	186.750035800445	186.845410040709	186.939681700952	187.032863527620	187.124968119804	187.216007930943	187.305995270507	187.394942305659	187.482861062907	187.569763429723	187.655661156153	187.740565856408	187.824489010430	187.907441965447	187.989435937507	188.070482012995	188.150591150128	188.229774180444	188.308041810259	188.385404622119	188.461873076232	188.537457511876	188.612168148803	188.686015088621	188.759008316155	188.831157700800	188.902472997857	188.972963849847	189.042639787823	189.111510232648	189.179584496279	189.246871783019	189.313381190765	189.379121712237	189.444102236194	189.508331548636	189.571818333992	189.634571176294	189.696598560338	189.757908872830	189.818510403523	189.878411346332	189.937619800451	189.996143771438	190.053991172306	190.111169824585	190.167687459387	190.223551718447	190.278770155157	190.333350235588	190.387299339499	190.440624761334	190.493333711209	190.545433315889	190.596930619747	190.647832585721	190.698146096253	190.747877954219	190.797034883851	190.845623531646	190.893650467261	190.941122184407	190.988045101722	191.034425563642	191.080269841257	191.125584133160	191.170374566286	191.214647196737	191.258408010603	191.301662924775	191.344417787736	191.386678380362	191.428450416697	191.469739544727	191.510551347143	191.550891342101	191.590764983959	191.630177664023	191.669134711271	191.707641393076	191.745702915917	191.783324426081	191.820511010364	191.857267696755	191.893599455114	191.929511197852	191.965007780584	192.000094002794	192.034774608483	192.069054286805	192.102937672707	192.136429347553	192.169533839744	192.202255625330	192.234599128614	192.266568722755	192.298168730352	192.329403424035	192.360277027038	192.390793713773	192.420957610394	192.450772795353	192.480243299955	192.509373108897	192.538166160816	192.566626348810	192.594757520976	192.622563480922	192.650047988285	192.677214759237	192.704067466992	192.730609742296	192.756845173924	192.782777309162	192.808409654288	192.833745675043	192.858788797106	192.883542406550	192.908009850304	192.932194436605	192.956099435446	192.979728079014	193.003083562132	193.026169042690	193.048987642070	193.071542445567	193.093836502812	193.115872828179	193.137654401193	193.159184166935	193.180465036439	193.201499887086	193.222291562994	193.242842875398	193.263156603038	193.283235492526	193.303082258724	193.322699585109	193.342090124134	193.361256497588	193.380201296954	193.398927083751	193.417436389888	193.435731718005	193.453815541808	193.471690306406	193.489358428642	193.506822297417	193.524084274017	193.541146692429	193.558011859659	193.574682056042	193.591159535550	193.607446526099	193.623545229849	193.639457823503	193.655186458596	193.670733261795	193.686100335179	193.701289756525	193.716303579591	193.731143834393	193.745812527477	193.760311642194	193.774643138965	193.788808955549	193.802811007302	193.816651187437	193.830331367282	193.843853396531	193.857219103493	193.870430295343	193.883488758362	193.896396258181	193.909154540021	193.921765328926	193.934230329997	193.946551228623	193.958729690711	193.970767362906	193.982665872820	193.994426829247	194.006051822383	